##FastQC	0.11.2
>>Basic Statistics	pass
#Measure	Value
Filename	accepted_hits.bam
File type	Conventional base calls
Encoding	Sanger / Illumina 1.9
Total Sequences	109408044
Sequences flagged as poor quality	0
Sequence length	100
%GC	48
>>END_MODULE
>>Per base sequence quality	pass
#Base	Mean	Median	Lower Quartile	Upper Quartile	10th Percentile	90th Percentile
1	30.96920620388753	31.0	31.0	33.0	28.0	34.0
2	30.353505872017966	31.0	31.0	34.0	26.0	34.0
3	30.671461560906803	31.0	31.0	34.0	26.0	34.0
4	33.623329953691524	35.0	35.0	37.0	28.0	37.0
5	34.30805712969332	35.0	35.0	37.0	30.0	37.0
6	34.71760496879005	36.0	35.0	37.0	31.0	37.0
7	34.229391405626444	36.0	35.0	37.0	30.0	37.0
8	34.59158784522279	36.0	35.0	37.0	30.0	37.0
9	36.21724356940336	38.0	35.0	39.0	32.0	39.0
10-11	36.39180396552926	38.5	35.0	39.0	32.0	39.0
12-13	36.39259637070195	38.0	35.0	39.0	32.0	39.0
14-15	37.493779918046975	39.0	36.0	41.0	32.0	41.0
16-17	37.427346923412685	39.0	36.0	41.0	32.0	41.0
18-19	37.43334159232387	39.0	36.0	41.0	32.0	41.0
20-21	37.40038916151357	39.0	36.0	41.0	32.0	41.0
22-23	37.35047029540168	39.0	36.0	41.0	32.0	41.0
24-25	37.25772972415081	39.0	36.0	41.0	31.0	41.0
26-27	37.23219555958792	39.0	36.0	40.5	31.0	41.0
28-29	37.12960993983221	39.0	36.0	40.0	31.0	41.0
30-31	37.01577477246554	39.0	36.0	40.0	31.0	41.0
32-33	36.88144964459835	39.0	36.0	40.0	30.0	41.0
34-35	36.709536183646605	38.0	35.0	40.0	30.0	41.0
36-37	36.52402881821011	38.0	35.0	40.0	30.0	41.0
38-39	36.44303842046568	38.0	35.0	40.0	30.0	41.0
40-41	36.47505844268635	38.0	35.0	40.0	30.0	41.0
42-43	36.4370817743529	38.0	35.0	40.0	30.0	41.0
44-45	36.37119159172611	38.0	35.0	40.0	30.0	41.0
46-47	36.21353629628915	38.0	34.5	40.0	29.5	41.0
48-49	36.08413041823506	38.0	34.0	40.0	29.0	41.0
50-51	35.65829903238193	37.5	33.5	40.0	28.5	41.0
52-53	35.68036001539338	38.0	34.0	40.0	28.5	41.0
54-55	35.75055231313705	38.0	34.0	40.0	28.5	41.0
56-57	35.594029155662454	37.5	34.0	40.0	28.0	41.0
58-59	35.34807139957643	37.0	33.5	40.0	28.0	41.0
60-61	35.058921586240956	36.5	33.0	39.5	28.0	41.0
62-63	34.7305383733942	36.0	33.0	39.0	27.0	41.0
64-65	34.43066173452475	36.0	33.0	39.0	27.0	40.5
66-67	34.118974295893636	35.0	32.0	39.0	26.0	40.0
68-69	33.748129246328546	35.0	32.0	38.0	26.0	40.0
70-71	33.408041459913136	35.0	32.0	37.5	26.0	40.0
72-73	33.024509907150886	35.0	31.0	37.0	26.0	39.0
74-75	32.621311372681156	34.5	31.0	36.5	25.0	39.0
76-77	31.787653469977034	34.0	30.0	36.0	24.5	38.0
78-79	31.924780722704448	34.0	31.0	35.5	25.0	38.0
80-81	31.662333315272505	34.0	30.5	35.0	24.0	37.0
82-83	31.32005340027832	34.0	30.0	35.0	24.0	37.0
84-85	30.959348231287272	34.0	30.0	35.0	23.0	36.0
86-87	30.589298881899396	34.0	30.0	35.0	21.5	36.0
88-89	30.204006928411957	34.0	29.0	35.0	20.0	35.5
90-91	29.791431683944555	33.5	29.0	35.0	18.5	35.0
92-93	29.326662343035764	33.0	29.0	35.0	17.5	35.0
94-95	28.802087541204923	33.0	29.0	35.0	8.5	35.0
96-97	28.14608876930475	33.0	28.0	35.0	2.0	35.0
98-99	27.291372798877568	33.0	27.0	35.0	2.0	35.0
100	24.52410334655101	30.0	20.0	34.0	2.0	35.0
>>END_MODULE
>>Per sequence quality scores	pass
#Quality	Count
2	513.0
3	498.0
4	835.0
5	1410.0
6	2659.0
7	4865.0
8	8364.0
9	13692.0
10	20681.0
11	30474.0
12	41826.0
13	56097.0
14	72786.0
15	94507.0
16	122992.0
17	159245.0
18	206977.0
19	263248.0
20	336483.0
21	428676.0
22	550978.0
23	723008.0
24	955588.0
25	1270012.0
26	1679898.0
27	2193008.0
28	2819412.0
29	3571754.0
30	4451924.0
31	5482695.0
32	6715976.0
33	8220388.0
34	1.0129E7
35	1.2548423E7
36	1.53627E7
37	1.67651E7
38	1.2016979E7
39	2083724.0
40	649.0
>>END_MODULE
>>Per base sequence content	fail
#Base	G	A	T	C
1	28.14177069988561	13.681941215662889	17.92498976184699	40.251298322604505
2	21.78802362533784	22.959010450313695	33.665213955682646	21.58775196866582
3	25.8133897583028	25.92226139004699	24.945734651669277	23.31861419998093
4	26.265364794894552	32.19599909251671	19.58703315681299	21.95160295577575
5	26.66854473695222	31.995317175762278	21.315812261681483	20.02032582560402
6	21.261348023002768	33.252552252922094	22.06966153238239	23.41643819169274
7	19.318546555939868	14.93735058451467	40.912977086815005	24.83112577273046
8	22.02639736820775	20.624349430738302	26.48278881326698	30.866464387786973
9	21.09241841655479	20.746442935154622	29.51472433808842	28.646414310202168
10-11	25.934449712823753	29.145638018430787	20.234522639400527	24.685389629344932
12-13	23.056040080167133	22.943237010605273	28.035104805522913	25.965618103704678
14-15	23.589804329195392	24.767729601307924	26.952551130518337	24.689914938978344
16-17	24.45522605659105	25.176066270655888	25.664204325756955	24.704503346996106
18-19	24.304019170713172	25.627581633431184	25.500442066615065	24.567957129240583
20-21	24.241168986421957	25.648074097578043	25.623253664347757	24.487503251652242
22-23	24.374471625163924	25.828700205775156	25.573956509298064	24.222871659762856
24-25	24.33963995078168	25.970478020253758	25.544276717793746	24.14560531117082
26-27	24.314965615378004	25.904446369359658	25.535390611107406	24.245197404154936
28-29	24.458338589079084	25.632450672260248	25.518489210461443	24.390721528199226
30-31	24.113641040872643	25.80259272343814	25.70036212328227	24.383404112406946
32-33	24.078478236586676	25.902184030450975	25.75553414758744	24.263803585374912
34-35	24.44840893051703	25.810970535219514	25.47335550574325	24.267265028520207
36-37	24.286927163431997	25.80346473263692	25.579855019427367	24.329753084503718
38-39	24.241251498513474	25.757495622452538	25.700997473142014	24.300255405891974
40-41	24.396418694771658	25.659046148380092	25.584311698324484	24.360223458523762
42-43	24.13056619173829	25.790993277668466	25.761950995690665	24.316489534902587
44-45	24.200562335324015	25.78386659553234	25.723052960555087	24.292518108588556
46-47	24.32412099424792	25.694300411768626	25.602638504349827	24.37894008963363
48-49	24.199824049413323	25.730135226703975	25.721747313092468	24.348293410790237
50-51	24.16814141824735	25.79428842273284	25.667061407850124	24.370508751169687
52-53	24.317042199850743	25.71125142438114	25.629801286726266	24.341905089041855
54-55	24.108201312876044	25.731201263409847	25.776880263027095	24.383717160687016
56-57	24.164976388756205	25.747770429018914	25.75822030051099	24.32903288171389
58-59	24.319420057206496	25.734904793210685	25.621261857533174	24.32441329204965
60-61	24.15452149021145	25.802977521469995	25.76808429186432	24.27441669645424
62-63	24.12957314180665	25.827665377145397	25.825156877861744	24.217604603186217
64-65	24.270012998312996	25.768618987466773	25.675480954581364	24.28588705963887
66-67	24.16486795292037	25.83016371945417	25.731229493480797	24.273738834144666
68-69	24.172703254755877	25.882240378201104	25.72548589700721	24.21957047003581
70-71	24.269596209945952	25.765925858248593	25.70042656095744	24.264051370848016
72-73	24.194232921301474	25.87097252191073	25.740505423897353	24.194289132890447
74-75	24.17311838606675	25.879787687274618	25.787716303565393	24.159377623093235
76-77	24.29744743992402	25.790782363146576	25.672497639615926	24.239272557313473
78-79	24.147183805738887	25.751515139993092	25.791507629759064	24.309793424508957
80-81	24.18177542777385	25.85105579622646	25.778304746952607	24.188864029047078
82-83	24.296155265294345	25.810490916102026	25.680741771425343	24.212612047178286
84-85	24.14058284416455	25.82635103137389	25.805237867153537	24.22782825730803
86-87	24.165388607075364	25.846178184119623	25.82060739519299	24.167825813612023
88-89	24.282708978933456	25.784569073233417	25.648139246698232	24.284582701134894
90-91	24.21963032391685	25.846482546717198	25.71266185766603	24.221225271699925
92-93	24.185781734944356	25.858858866750108	25.77664298041214	24.178716417893394
94-95	24.274209216280298	25.802713829707074	25.66435700102636	24.258719952986272
96-97	24.237537781042864	25.80885140401559	25.740530559160714	24.213080255780827
98-99	24.257092323642055	25.835346492761964	25.712175932074754	24.195385251521227
100	24.67698596867479	25.561480722914016	25.47496476367635	24.286568544734852
>>END_MODULE
>>Per sequence GC content	pass
#GC Content	Count
0	0.0
1	3.5
2	4.0
3	1.5
4	7.0
5	8.0
6	4.0
7	9.5
8	23.0
9	34.5
10	44.5
11	59.5
12	101.0
13	204.0
14	413.5
15	840.5
16	1827.0
17	3964.5
18	8078.0
19	15253.5
20	28309.5
21	50805.0
22	85372.0
23	137739.5
24	212633.5
25	314774.5
26	443687.5
27	597463.5
28	775367.0
29	972542.5
30	1176537.5
31	1371155.5
32	1563557.5
33	1761820.0
34	1950457.5
35	2132553.0
36	2327857.5
37	2527115.5
38	2700104.0
39	2846121.5
40	2967695.0
41	3080780.0
42	3174743.0
43	3243591.0
44	3284555.5
45	3302210.0
46	3298933.0
47	3269362.0
48	3255703.0
49	3253520.5
50	3272302.5
51	3302769.0
52	3289916.5
53	3240828.0
54	3178611.0
55	3114897.5
56	3037956.5
57	2946544.0
58	2866750.5
59	2787058.0
60	2690777.5
61	2565953.0
62	2408695.0
63	2229823.0
64	2042703.5
65	1841035.0
66	1622211.0
67	1407183.5
68	1200869.0
69	994256.5
70	798592.5
71	622145.0
72	477210.0
73	369784.5
74	288150.0
75	220847.5
76	160806.0
77	112729.0
78	75913.0
79	47663.0
80	27910.5
81	14808.0
82	7140.5
83	3208.5
84	1303.0
85	493.0
86	181.5
87	59.0
88	4.5
89	2.0
90	1.5
91	1.5
92	1.0
93	0.5
94	0.0
95	0.0
96	0.0
97	0.0
98	0.0
99	0.0
100	0.0
>>END_MODULE
>>Per base N content	pass
#Base	N-Count
1	0.10590628966915813
2	1.6823726416313596
3	0.0027895572285343115
4	3.204855759965876
5	0.0012960655799677764
6	0.0
7	1.815708358701669
8	1.4624153229537673E-5
9	1.8280191536922091E-6
10-11	5.1641541091804916E-5
12-13	1.0693912049099424E-4
14-15	0.0
16-17	1.4944056581433812E-4
18-19	2.97053112474984E-4
20-21	1.860009488881823E-4
22-23	3.4275359131728926E-5
24-25	1.8280191536922091E-6
26-27	4.6157483630728285E-5
28-29	5.027052672653576E-6
30-31	0.0
32-33	1.6726375256283715E-4
34-35	0.0
36-37	5.484057461076628E-6
38-39	3.244733997803671E-5
40-41	0.0
42-43	2.915690550139074E-4
44-45	1.2796134075845464E-5
46-47	0.0
48-49	5.689709615867002E-4
50-51	6.352366559080428E-5
52-53	2.742028730538314E-6
54-55	0.0
56-57	0.0
58-59	1.0511110133730203E-5
60-61	0.0
62-63	0.0
64-65	0.0
66-67	1.371014365269157E-6
68-69	6.855071826345784E-6
70-71	0.0
72-73	0.0
74-75	0.0
76-77	1.8280191536922091E-6
78-79	1.8280191536922091E-6
80-81	0.0
82-83	9.140095768461046E-7
84-85	0.0
86-87	0.0
88-89	1.371014365269157E-4
90-91	6.71797038981887E-5
92-93	3.258444141456363E-4
94-95	0.0
96-97	0.0
98-99	9.140095768461046E-7
100	0.01523288360771718
>>END_MODULE
>>Sequence Length Distribution	pass
#Length	Count
100	1.09408044E8
>>END_MODULE
>>Sequence Duplication Levels	fail
#Total Deduplicated Percentage	31.446414275282436
#Duplication Level	Percentage of deduplicated	Percentage of total
1	30.50712192126168	9.59339594282545
2	28.20574445777288	17.739390503237548
3	14.872258281270284	14.030375853654759
4	12.098872850181364	15.218646716430811
5	3.0836035282445944	4.848413700495105
6	2.9673089880277246	5.598673663217335
7	1.8339170382127776	4.036908045109658
8	1.5948852512942917	4.012273786699058
9	0.70669344335995	2.000067730697055
>10	4.0479737068510495	21.046375413432013
>50	0.07251529562859681	1.4701426668054673
>100	0.009105237894747086	0.40533597739572014
>500	0.0	0.0
>1k	0.0	0.0
>5k	0.0	0.0
>10k+	0.0	0.0
>>END_MODULE
>>Overrepresented sequences	pass
>>END_MODULE
>>Adapter Content	pass
#Position	Illumina Universal Adapter	Illumina Small RNA Adapter	Nextera Transposase Sequence
1	0.0	9.140095768461047E-7	4.570047884230523E-6
2	1.8280191536922093E-6	9.140095768461047E-7	4.113043095807471E-5
3	5.484057461076628E-6	9.140095768461047E-7	4.295845011176692E-5
4	1.6452172383229884E-5	9.140095768461047E-7	5.118453630338186E-5
5	1.8280191536922093E-5	9.140095768461047E-7	5.484057461076628E-5
6	2.0108210690614303E-5	1.8280191536922093E-6	5.7582603341304596E-5
7	2.1022220267460406E-5	1.8280191536922093E-6	6.215265122553511E-5
8	2.2850239421152615E-5	2.742028730538314E-6	7.403477572453448E-5
9	2.4678258574844824E-5	4.570047884230523E-6	8.408888106984162E-5
10-11	2.742028730538314E-5	8.226086191614942E-6	8.865892895407214E-5
12-13	2.742028730538314E-5	9.597100556884098E-6	9.917003908780236E-5
14-15	2.924830645907535E-5	1.188212449899936E-5	1.169932258363014E-4
16-17	3.564637349699808E-5	1.3253138864268517E-5	1.334453982195313E-4
18-19	4.113043095807471E-5	1.5081158017960726E-5	1.5035457539118422E-4
20-21	4.661448841915134E-5	1.5995167594806832E-5	1.5583863285226085E-4
22-23	4.79855027844205E-5	1.736618196007599E-5	1.6223669989018358E-4
24-25	5.255555066865102E-5	2.0108210690614303E-5	1.7640384833129822E-4
26-27	5.5297579399189335E-5	2.0108210690614303E-5	1.8508693931133617E-4
28-29	5.6668593764458486E-5	2.1022220267460406E-5	1.8691495846502842E-4
30-31	6.078163686026596E-5	2.1022220267460406E-5	1.896569871955667E-4
32-33	6.352366559080427E-5	2.1022220267460406E-5	2.0291012605983525E-4
34-35	6.763670868661174E-5	2.2850239421152615E-5	2.0976519788618101E-4
36-37	6.855071826345785E-5	2.5135263363267876E-5	2.1844828886621902E-4
38-39	6.946472784030396E-5	2.924830645907535E-5	2.3261543730733364E-4
40-41	7.129274699399617E-5	3.1076325612767555E-5	2.481536001137174E-4
42-43	7.494878530138058E-5	3.153333040119061E-5	2.682618108043317E-4
44-45	7.76908140319189E-5	3.244733997803671E-5	2.7557388741910054E-4
46-47	8.180385712772637E-5	3.381835434330587E-5	2.8699900712967686E-4
48-49	8.683090980037994E-5	3.518936870857503E-5	2.984241268402532E-4
50-51	8.728791458880299E-5	3.7017387862267235E-5	3.135052848582139E-4
52-53	8.865892895407216E-5	3.93024118043825E-5	3.194463471077136E-4
54-55	9.140095768461046E-5	3.93024118043825E-5	3.263014189340594E-4
56-57	9.642801035726404E-5	4.0216421381228605E-5	3.5143668229732725E-4
58-59	1.005410534530715E-4	4.432946447703607E-5	3.729159073532107E-4
60-61	1.0511110133730204E-4	4.79855027844205E-5	4.081052760617857E-4
62-63	1.0556810612572509E-4	5.118453630338186E-5	4.2227242450290035E-4
64-65	1.0876713964468645E-4	5.2098545880227964E-5	4.382675920977072E-4
66-67	1.1425119710576308E-4	5.255555066865102E-5	4.5334875011566794E-4
68-69	1.1745023062472445E-4	5.301255545707407E-5	4.853390853052816E-4
70-71	1.2156327372053192E-4	5.392656503392018E-5	5.109313534569725E-4
72-73	1.2247728329737803E-4	5.4383569822343225E-5	5.351526072433942E-4
74-75	1.2384829766264716E-4	5.575458418761238E-5	5.575458418761239E-4
76-77	1.3161737906583907E-4	5.621158897603543E-5	5.813100908741225E-4
78-79	1.334453982195313E-4	5.6668593764458486E-5	5.922782057962758E-4
80-81	1.3573042216164655E-4	5.84966129181507E-5	6.19698493101659E-4
82-83	1.3664443173849267E-4	5.94106224949968E-5	6.320376223890814E-4
84-85	1.389294556806079E-4	5.94106224949968E-5	6.489467995607343E-4
86-87	1.4075747483430012E-4	5.94106224949968E-5	7.060723981136159E-4
88	1.416714844111462E-4	6.0324632071842905E-5	7.312076614768837E-4
>>END_MODULE
>>Kmer Content	fail
#Sequence	Count	PValue	Obs/Exp Max	Max Obs/Exp Position
CCGACAT	22740	0.0	11.089504	1
CCGGAAT	18045	0.0	9.854741	1
CGACAAT	12175	0.0	9.819895	1
CGGGGTT	30545	0.0	9.259065	1
CCGGGAT	29365	0.0	9.254781	1
CGCGAAC	5755	0.0	9.252507	1
CGACGAT	9095	0.0	9.223859	1
CGCGAAT	3290	0.0	9.161241	1
CGGACAT	21075	0.0	9.1053095	1
CGCAAAT	13225	0.0	8.964275	1
CTCGGAT	28345	0.0	8.754864	1
CGGAAAT	20660	0.0	8.704656	1
CGCCAAT	13930	0.0	8.546654	1
CGGGATT	16220	0.0	8.3930025	1
CGGCAAT	16805	0.0	8.369864	1
CGCGTTT	7905	0.0	8.2611475	1
CGGGAAT	22910	0.0	8.24445	1
TCGGGTC	18795	0.0	8.142674	2
CGGGGAT	26780	0.0	8.009699	1
CGGCGAT	16645	0.0	7.997624	1
>>END_MODULE
