##FastQC	0.11.2
>>Basic Statistics	pass
#Measure	Value
Filename	accepted_hits.bam
File type	Conventional base calls
Encoding	Sanger / Illumina 1.9
Total Sequences	128024769
Sequences flagged as poor quality	0
Sequence length	100
%GC	46
>>END_MODULE
>>Per base sequence quality	pass
#Base	Mean	Median	Lower Quartile	Upper Quartile	10th Percentile	90th Percentile
1	31.22427995945066	31.0	31.0	34.0	30.0	34.0
2	30.792277867730423	31.0	31.0	34.0	27.0	34.0
3	30.537018387434074	31.0	31.0	34.0	26.0	34.0
4	34.79034429657905	37.0	35.0	37.0	32.0	37.0
5	35.05234822958361	37.0	35.0	37.0	32.0	37.0
6	35.136522878631396	37.0	35.0	37.0	32.0	37.0
7	35.1976704289152	37.0	35.0	37.0	32.0	37.0
8	35.17402227845457	37.0	35.0	37.0	32.0	37.0
9	36.72775004967984	39.0	37.0	39.0	32.0	39.0
10-11	36.77236231529541	39.0	37.0	39.0	32.0	39.0
12-13	36.73182893225919	39.0	37.0	39.0	32.0	39.0
14-15	37.85797560001846	40.0	37.0	41.0	33.0	41.0
16-17	37.807995466877195	40.0	37.0	41.0	33.0	41.0
18-19	37.73805461035434	39.5	37.0	41.0	32.0	41.0
20-21	37.68575416449296	39.0	37.0	41.0	32.0	41.0
22-23	37.571856782651174	39.0	37.0	41.0	32.0	41.0
24-25	37.50106935166585	39.0	36.5	41.0	32.0	41.0
26-27	37.436487825258254	39.0	36.0	41.0	32.0	41.0
28-29	37.3724250187868	39.0	36.0	40.0	32.0	41.0
30-31	37.25495205150497	39.0	36.0	40.0	31.0	41.0
32-33	37.128573370048414	39.0	36.0	40.0	31.0	41.0
34-35	36.97875002609847	39.0	36.0	40.0	31.0	41.0
36-37	36.818987460934224	38.0	35.5	40.0	30.0	41.0
38-39	36.81104199453779	38.5	35.0	40.0	30.0	41.0
40-41	36.75449201552553	38.0	35.0	40.0	30.0	41.0
42-43	36.7374021428619	38.0	35.0	40.0	30.0	41.0
44-45	36.69177556571104	38.0	35.0	40.0	30.0	41.0
46-47	36.604618638288656	38.0	35.0	40.0	30.0	41.0
48-49	36.51154381696248	38.0	35.0	40.0	30.0	41.0
50-51	36.0294265362041	38.0	34.5	40.0	29.5	41.0
52-53	36.01671675345885	38.0	34.0	40.0	29.5	41.0
54-55	36.09768966269332	38.0	34.0	40.0	29.5	41.0
56-57	35.91354647162066	38.0	34.0	40.0	29.0	41.0
58-59	35.67096527235289	38.0	34.0	40.0	28.5	41.0
60-61	35.394696091972634	37.0	34.0	40.0	28.0	41.0
62-63	35.07078550948215	37.0	33.0	39.5	28.0	41.0
64-65	34.77497812552194	36.0	33.0	39.0	28.0	41.0
66-67	34.447121048896406	36.0	33.0	39.0	27.0	40.0
68-69	34.09415543253196	35.0	32.0	39.0	26.0	40.0
70-71	33.71269138161851	35.0	32.0	38.0	26.0	40.0
72-73	33.32322321550137	35.0	31.5	37.5	26.0	40.0
74-75	32.92988705958923	35.0	31.0	37.0	26.0	39.0
76-77	32.07872578547672	34.0	30.5	36.0	25.0	39.0
78-79	32.130407870526994	34.0	31.0	36.0	25.0	39.0
80-81	31.860579635179814	34.0	31.0	35.5	24.5	37.5
82-83	31.48067811393591	34.0	30.5	35.0	24.0	37.0
84-85	31.041648151694773	34.0	30.0	35.0	23.0	36.5
86-87	30.64039510198218	34.0	30.0	35.0	21.5	36.0
88-89	30.224553738503523	34.0	29.0	35.0	20.0	36.0
90-91	29.751381984528322	34.0	29.0	35.0	18.5	35.5
92-93	29.22565374439379	33.0	29.0	35.0	14.5	35.0
94-95	28.646929388327973	33.0	29.0	35.0	4.5	35.0
96-97	27.94818476493404	33.0	27.0	35.0	2.0	35.0
98-99	27.00798393942035	32.5	26.5	34.5	2.0	35.0
100	23.954311895692623	29.0	18.0	34.0	2.0	34.0
>>END_MODULE
>>Per sequence quality scores	pass
#Quality	Count
2	485.0
3	466.0
4	851.0
5	1482.0
6	2667.0
7	4687.0
8	8473.0
9	13492.0
10	20839.0
11	30521.0
12	42398.0
13	57987.0
14	76170.0
15	100831.0
16	132109.0
17	173660.0
18	225586.0
19	292602.0
20	373999.0
21	477145.0
22	610958.0
23	793198.0
24	1033989.0
25	1354836.0
26	1769631.0
27	2287883.0
28	2928434.0
29	3712127.0
30	4663126.0
31	5817954.0
32	7256371.0
33	9106232.0
34	1.1565142E7
35	1.4827976E7
36	1.8780917E7
37	2.1332458E7
38	1.567608E7
39	2470503.0
40	504.0
>>END_MODULE
>>Per base sequence content	fail
#Base	G	A	T	C
1	27.20466214328234	14.992337071139353	15.425279184667595	42.377721600910704
2	20.70041587998988	23.714437450329953	36.44939234189357	19.135754327786596
3	24.333248975373607	26.70579367432519	26.09909098767944	22.861866362621765
4	24.679117532781966	33.69295178593751	20.774020753609857	20.85390992767067
5	25.46003732426336	33.28090460566913	22.251857386695427	19.00720068337208
6	20.180205144426377	34.545128130751436	23.308671862712316	21.96599486210987
7	18.596591258055696	15.68952489185901	41.91960932184927	23.794274528236016
8	20.822185547695735	21.604615166460327	28.249791809669695	29.32340747617424
9	20.187370929761254	21.309949795730542	31.250914422661445	27.251764851846755
10-11	24.848937298925822	30.631291711348297	21.081735247312928	23.438035742412954
12-13	22.0181248676965	24.00225264222113	29.10927064433914	24.870351845743226
14-15	22.512944454684305	25.826455913487496	28.045101949904062	23.615497681924136
16-17	23.482091578700683	26.28812554233158	26.604763489165133	23.62501938980261
18-19	23.34656191294609	26.67039731375911	26.38588977339295	23.59715099990185
20-21	23.28814512447978	26.735099205685735	26.585059489542996	23.39169618029149
22-23	23.282650094061093	27.003307461542853	26.596373706403643	23.11766873799241
24-25	23.201664370389736	27.12572029500449	26.613566883396842	23.059048451208934
26-27	23.137704494805256	27.048214217423926	26.686735726012017	23.1273455617588
28-29	23.291298420542354	26.79229985566309	26.616784600486177	23.29961712330838
30-31	22.98800710978045	26.9181657340073	26.78258806309582	23.311239093116427
32-33	22.967644342977273	27.063349073738024	26.769978107790916	23.199028475493787
34-35	23.32339455343989	27.013293029257486	26.478266482949092	23.185045934353532
36-37	23.171236887761932	26.9538842128276	26.62323686754709	23.25164203186338
38-39	23.093049283299234	26.917166708576524	26.80559220536457	23.184191802759667
40-41	23.200077791196797	26.830919726166425	26.686382460881457	23.28262002175532
42-43	22.985995780238433	26.94150535823267	26.815063810035074	23.257435051493825
44-45	23.01358848770897	26.94507419888412	26.84475376792127	23.196583545485638
46-47	23.0828809384534	26.894405878599947	26.742657508720054	23.280055674226602
48-49	23.055515530748586	26.89562634555506	26.78975659780335	23.25910152589301
50-51	22.996018059599077	26.923952895396358	26.79050215665689	23.289526888347677
52-53	23.135529257573868	26.886227091685498	26.715517059302368	23.262726591438266
54-55	22.967216601656197	26.914944872894086	26.832205414875617	23.285633110574093
56-57	22.983932386364224	26.934978421265242	26.892845558184668	23.188243634185863
58-59	23.09614721154524	26.946928632798112	26.759468032156608	23.19745612350004
60-61	22.983535318856934	26.962294304159222	26.872239074299753	23.18193130268409
62-63	22.928237425681274	27.015985476997816	26.97887351782685	23.07690357949406
64-65	23.064500483714095	26.95890382753684	26.807137551601016	23.169458137148048
66-67	22.99607259952332	27.018531831146436	26.84033274270552	23.145062826624727
68-69	22.97537830355312	27.05657605990291	26.91520341661386	23.052842219930113
70-71	23.060274435259366	26.976074976867853	26.85387791744186	23.10977267043092
72-73	23.044381747722582	27.031389136894283	26.862046124840106	23.062182990543025
74-75	23.00744045865062	27.07266396239309	26.90911787546361	23.010777703492675
76-77	23.07270165822365	27.03118605119295	26.80949769962092	23.086614590962473
78-79	22.99004890217767	26.937737337374145	26.942762146284366	23.129451614163816
80-81	22.985053384474373	27.036558058542564	26.95461610245124	23.023772454531827
82-83	23.106063986384694	26.997224439057003	26.85788029043743	23.038831284120867
84-85	22.987717712656057	26.99097039573647	26.914880041689432	23.106431849918042
86-87	22.98750063879254	27.047484200173262	26.983699654775716	22.981315506258486
88-89	23.104831768921215	26.992129155882328	26.832715472425495	23.070323602770962
90-91	23.029906033261422	27.033883576075812	26.886139900006377	23.05007049065638
92-93	22.99447617046667	27.057679362030328	26.96401936097225	22.98382510653075
94-95	23.086533747231368	27.004045209407877	26.821612933353546	23.087808110007213
96-97	23.099860440256624	26.96309575037531	26.86574191155755	23.071301897810518
98-99	23.065896725031386	27.010703686565527	26.945022255810514	22.97837733259257
100	23.527051494848532	26.722418223483945	26.666726049149787	23.08380423251774
>>END_MODULE
>>Per sequence GC content	warn
#GC Content	Count
0	3.0
1	2.0
2	7.0
3	15.0
4	15.5
5	13.0
6	24.0
7	50.5
8	66.5
9	85.5
10	126.0
11	220.5
12	381.0
13	650.0
14	1200.0
15	2414.5
16	5093.5
17	10382.0
18	20244.5
19	37620.0
20	67135.0
21	113598.5
22	181551.0
23	282335.0
24	418326.0
25	591391.5
26	800892.5
27	1043681.0
28	1317824.0
29	1607774.0
30	1896029.5
31	2171858.0
32	2432519.5
33	2684449.0
34	2913161.5
35	3128440.0
36	3354226.5
37	3568744.0
38	3748705.0
39	3900743.5
40	3992966.5
41	4042296.5
42	4083740.5
43	4108091.0
44	4105661.5
45	4067981.0
46	3987070.0
47	3885221.5
48	3822140.0
49	3759991.0
50	3712018.0
51	3687321.5
52	3611320.0
53	3480757.0
54	3340393.0
55	3232414.5
56	3096536.5
57	2930906.5
58	2795152.0
59	2665990.0
60	2518936.0
61	2346780.0
62	2145983.0
63	1935173.0
64	1740510.0
65	1535995.0
66	1326838.5
67	1138944.0
68	974157.0
69	811874.5
70	653160.5
71	514761.5
72	403353.0
73	319439.5
74	252258.0
75	199317.5
76	154273.0
77	115918.0
78	84717.5
79	59016.0
80	38783.0
81	22590.5
82	11768.0
83	5985.5
84	2747.0
85	1049.5
86	349.5
87	95.5
88	20.5
89	5.5
90	1.5
91	0.5
92	0.5
93	0.5
94	0.0
95	0.0
96	0.0
97	0.0
98	0.0
99	0.0
100	0.0
>>END_MODULE
>>Per base N content	pass
#Base	N-Count
1	0.22320055894808916
2	1.4073971888986576
3	0.31088202939854553
4	0.0038430063482481273
5	6.319089706773851E-4
6	1.8199603234589706E-4
7	0.0
8	7.107999546556495E-5
9	0.0
10-11	2.5385712666273195E-5
12-13	0.0
14-15	0.0029912180509382522
16-17	0.0
18-19	0.011564168493051528
20-21	0.0
22-23	0.0
24-25	1.1013493802906218E-4
26-27	7.810988512699445E-7
28-29	0.0
30-31	0.0
32-33	3.9054942563497226E-7
34-35	0.0
36-37	0.0
38-39	0.0
40-41	0.0
42-43	0.0
44-45	0.0
46-47	0.0
48-49	0.0
50-51	0.0
52-53	5.7020216142705946E-5
54-55	0.0
56-57	1.1716482769049168E-6
58-59	3.9054942563497226E-7
60-61	0.0
62-63	0.0
64-65	2.1831712892994947E-4
66-67	2.0660064616090035E-4
68-69	0.0
70-71	1.9527471281748613E-6
72-73	0.0
74-75	0.0
76-77	0.0
78-79	0.0
80-81	0.0
82-83	1.3669229897224029E-5
84-85	0.0
86-87	2.0699119558653528E-5
88-89	0.0
90-91	0.0
92-93	0.0
94-95	0.0
96-97	2.1870767835558446E-5
98-99	0.0
100	0.03194616191808946
>>END_MODULE
>>Sequence Length Distribution	pass
#Length	Count
100	1.28024769E8
>>END_MODULE
>>Sequence Duplication Levels	fail
#Total Deduplicated Percentage	27.90829849876238
#Duplication Level	Percentage of deduplicated	Percentage of total
1	26.63218678780193	7.43259018548772
2	26.00764203545468	14.516580743488586
3	15.429757972301338	12.918548737639329
4	12.905181833207957	14.406466671278926
5	5.166965982675239	7.210061448872585
6	3.395665640608439	5.68603501800549
7	2.0215700557600598	3.9493006386618013
8	1.9369608542873542	4.324582536149541
9	0.8509877540969211	2.137465823411545
>10	5.573451024054941	25.859806741383267
>50	0.07321249046168597	1.3312458854900284
>100	0.0064175692895112	0.22731557013125858
>500	0.0	0.0
>1k	0.0	0.0
>5k	0.0	0.0
>10k+	0.0	0.0
>>END_MODULE
>>Overrepresented sequences	pass
>>END_MODULE
>>Adapter Content	pass
#Position	Illumina Universal Adapter	Illumina Small RNA Adapter	Nextera Transposase Sequence
1	0.0	7.810988512699445E-7	4.686593107619667E-6
2	1.562197702539889E-6	7.810988512699445E-7	4.608483222492672E-5
3	2.3432965538098336E-6	7.810988512699445E-7	4.92092276300065E-5
4	1.6403075876668835E-5	7.810988512699445E-7	6.0144611547785724E-5
5	1.718417472793878E-5	7.810988512699445E-7	6.405010580413544E-5
6	1.718417472793878E-5	7.810988512699445E-7	7.18610943168349E-5
7	1.874637243047867E-5	7.810988512699445E-7	7.420439087064473E-5
8	2.1870767835558446E-5	7.810988512699445E-7	8.357757708588406E-5
9	2.265186668682839E-5	2.3432965538098336E-6	9.763735640874305E-5
10-11	2.382351496373331E-5	8.59208736396939E-6	1.0427669664453759E-4
12-13	2.460461381500325E-5	1.0544834492144251E-5	1.2028922309557144E-4
14-15	2.616681151754314E-5	1.3669229897224029E-5	1.394261449516851E-4
16-17	3.124395405079778E-5	1.718417472793878E-5	1.55048121977084E-4
18-19	3.3977800030242585E-5	1.9136921856113642E-5	1.6442130819232332E-4
20-21	3.593054715841744E-5	2.069911955865353E-5	1.7457559325883258E-4
22-23	3.94454919891322E-5	2.1870767835558446E-5	1.9058811970986645E-4
24-25	4.1398239117307056E-5	2.3432965538098336E-5	2.0855339328907518E-4
26-27	4.178878854294203E-5	2.460461381500325E-5	2.1987932663248937E-4
28-29	4.256988739421198E-5	2.577626209190817E-5	2.3042416112463362E-4
30-31	4.374153567111689E-5	2.6557360943178114E-5	2.3745405078606313E-4
32-33	4.64753816505617E-5	2.6947910368813088E-5	2.507327312576522E-4
34-35	4.725648050183164E-5	3.280615175333766E-5	2.5932481862162157E-4
36-37	4.999032648127645E-5	3.51494483071475E-5	2.686980048368609E-4
38-39	5.272417246072125E-5	3.632109658405242E-5	2.8314833358535486E-4
40-41	5.311472188635623E-5	3.749274486095734E-5	2.968175634825789E-4
42-43	5.4676919588896116E-5	3.983604141476717E-5	3.3118591293845645E-4
44-45	5.4676919588896116E-5	4.022659084040214E-5	3.3899690145115595E-4
46-47	5.936351269651578E-5	4.335098624548192E-5	3.4993228536893514E-4
48-49	6.600285293231032E-5	4.5694282799291756E-5	3.671164600968739E-4
50-51	7.068944603992998E-5	4.8037579353101586E-5	3.815667888453679E-4
52-53	7.264219316810484E-5	4.999032648127645E-5	4.0031316127584653E-4
54-55	7.615713799881959E-5	5.506746901453109E-5	4.174973360037853E-4
56-57	7.810988512699445E-5	5.7020216142705946E-5	4.495223889058531E-4
58-59	8.201537938334418E-5	6.20973586759606E-5	4.827190900848257E-4
60-61	8.474922536278899E-5	7.029889661429501E-5	5.409109545044366E-4
62-63	8.709252191659882E-5	7.45949402962797E-5	5.705927108526944E-4
64-65	9.256021387548843E-5	7.537603914754964E-5	6.127720488212715E-4
66-67	9.451296100366329E-5	7.654768742445457E-5	6.389388603388146E-4
68-69	9.529405985493324E-5	7.928153340389937E-5	6.75259956922867E-4
70-71	1.0076175181382283E-4	8.00626322551693E-5	7.068944603992998E-4
72-73	1.0076175181382283E-4	8.592087363969389E-5	7.475116006653369E-4
74-75	1.0154285066509278E-4	8.982636789604362E-5	7.846137961006592E-4
76-77	1.0701054262398239E-4	9.060746674731356E-5	8.205443432590766E-4
78-79	1.1208768515723703E-4	9.177911502421848E-5	8.428056605202701E-4
80-81	1.1443098171104687E-4	9.29507633011234E-5	8.830322513606723E-4
82-83	1.1560262998795178E-4	9.451296100366328E-5	8.970920306835312E-4
84-85	1.167742782648567E-4	9.646570813183814E-5	9.177911502421847E-4
86-87	1.1716482769049167E-4	9.763735640874307E-5	0.0010068364192869586
88	1.1794592654176162E-4	9.99806529625529E-5	0.0010380803733377561
>>END_MODULE
>>Kmer Content	fail
#Sequence	Count	PValue	Obs/Exp Max	Max Obs/Exp Position
CGACCGT	7150	0.0	12.601422	1
CCGGGAT	31855	0.0	11.9872265	1
CGCGTTT	8245	0.0	11.33259	1
CGCGATT	4020	0.0	10.435671	1
CCGGAAT	20580	0.0	10.145945	1
CGCGAAT	3350	0.0	9.961323	1
CGGGAAT	23240	0.0	9.866718	1
CGGAAAT	23780	0.0	9.8030405	1
CGGACAT	22350	0.0	9.747707	1
CGGGGAT	29135	0.0	9.702942	1
CGACGAT	8860	0.0	9.63126	1
CTCGGAT	29580	0.0	9.347461	1
CGGGGTT	35340	0.0	9.267317	1
TCGACCG	6845	0.0	9.266169	7
CCGGGTT	31725	0.0	9.19631	1
CGCGTAT	3245	0.0	9.108372	1
CGAAGAT	38090	0.0	9.0863495	1
CGGCAAT	17970	0.0	8.966696	1
CGCGGTT	9780	0.0	8.871485	1
CGGGATT	19460	0.0	8.770088	1
>>END_MODULE
